aoa:Age of air (uniform source) tracer:1000:0.1:1:days:0,10,20,30,40,50,150,300,600,900,1000,1100,1200,1300,1400,1500,1600
	slice:10:0,1000,1100,1200,1300,1400,1500,1600,1700,1800,1900,2000
	slice:50:0,400,500,600,1000,1200,1400,1600,1800
	slice:500:0,5,10,15,20,25,30,35,40,45,50,55,60
aoa_bl:Age of air above boundary layer:1000:100:1:days:0,5,10,15,20,25,30,35,40,45,50,55,60
	slice:200:0,5,10,15,20,25,30,35,40,45,50,55,60,100,200,300,400,600
	slice:500:0,5,10,15,20,25,30,35,40,45,50,55,60
	slice:850:0,2,4,6,8,10,15,20,25,30,35,40,45,50,55,60
aoa_nh:Age of air northern hemisphere tracer:1000:10:1:days:0,25,50,75,100,200,300,400,500,600,700,800,1000,1200,1400,1600,1800,2000,2200
	slice:200:0,400,425,450,475,500,550,600,700,800,900,1000
	slice:500:0,50,100,150,200,250,300,350,400,450,500,550,600,625,650,675,700
	slice:1000:0,50,100,150,200,250,300,350,400,450,500,550,600,625,650,675,700
Be10:Beryllium radionuclide 10:1000:10:2.3699E20:mmmBq/SCM:0,1, 2, 5, 10, 20, 50, 100, 200, 500
	slice:200
	slice:500
	slice:1000
Be10s:Beryllium radionuclide 10 strat-source:1000:1:2.3699E20:mmmBq/SCM:0,1, 2, 5, 10, 20, 50, 100, 200, 500
	slice:200
	slice:500
	slice:1000
Be7:Beryllium radionuclide 7:1000:10:4.0513E21:mBq/SCM (hyl):0,1, 2, 5, 10, 20, 50, 100, 200, 500
	slice:200:0,.25,.5,.75,1, 2, 5, 10, 20, 30,40,50, 100, 200, 300,400,500
	slice:500:0,.25,.5,.75,1, 2, 5, 10, 20, 30,40,50, 100, 200, 300,400,500
	slice:1000:0,.25,.5,.75,1, 2, 5, 10, 20, 30,40,50, 100, 200, 300,400,500
Be7s:Beryllium radionuclide 7 strat-source:1000:10:4.0513E21:mBq/SCM (hyl):0,1, 2, 5, 10, 20, 50, 100, 200, 500
	slice:200:0,.25,.5,.75,1, 2, 5, 10, 20, 30,40,50, 100, 200, 300,400,500
	slice:500:0,.25,.5,.75,1, 2, 5, 10, 20, 30,40,50, 100, 200, 300,400,500
	slice:1000:0,.25,.5,.75,1, 2, 5, 10, 20, 30,40,50, 100, 200, 300,400,500
CH3I:Methyl iodide:1000:100:1000000000000.0:ppt:0,7e-14,7e-13,7e-12,7e-11,7e-10,1e-9,3e-9,5e-9,7e-9,8e-9,9e-9,1e-8,1.2e-8,1.4e-8,1.6e-8,1.8e-8,2e-8,3e-8,6e-8,1.4e-7
	slice:200:0,2.5e-11,5e-11,7.5e-11,1e-10,1.5e-10,2.5e-10,5e-10,7.5e-10,1e-9,2.5e-9,5e-9,7.5e-9,1e-8,1.2e-8,1.4e-8,1.6e-8,1.8e-8,2e-8,2.2e-8,2.4e-8
	slice:500:0,2e-9,3e-9,4e-9,6e-9,8e-9,1e-8,1.2e-8,1.4e-8,1.6e-8,1.8e-8,2e-8,2.2e-8,2.4e-8,2.6e-8,2.8e-8,3e-8
	slice:1000:0,5e-9,1e-8,2e-8,4e-8,6e-8,8e-8,1e-7,1.2e-7,1.4e-7,1.6e-7,1.8e-7,2e-7,2.2e-7,2.4e-7
co_25:Anthro CO 25 day tracer:1000:50:1000000000.0:ppb:0,.2,.4,.6,.8,1,2,3,4,5,6,7,8,9,10,20,30,40,50
	slice:100:0,.2,.4,.6,.8,1,2,3,4,5,6,7,8,9,10,20,30,40,50
	slice:200:0,.2,.4,.6,.8,1,2,3,4,5,6,7,8,9,10,20,30,40,50
	slice:500:0,.2,.4,.6,.8,1,2,3,4,5,6,7,8,9,10,20,30,40,50
	slice:850:0,.2,.4,.6,.8,1,2,3,4,5,6,7,8,9,10,20,30,40,50
	slice:1000:0,.2,.4,.6,.8,1,2,3,4,5,6,7,8,9,10,20,30,40,50
co_50:Anthro CO 50 day tracer:1000:50:1000000000.0:ppb:0,1,2,3,4,5,10,15,20,40,60,80,100
	slice:200:0,1,2,3,4,5,10,15,20,40,60,80,100
	slice:500:0,1,2,3,4,5,10,15,20,40,60,80,100
	slice:1000:0,1,2,3,4,5,10,15,20,40,60,80,100
e90:Constant burden 90 day tracer:1000:70:1000000000.0:ppb:0,50,90,100,105,110,120,140,160,180,200
	slice:800:0,50,90,100,105,110,120,140,160,180,200
	slice:500:0,50,90,100,105,110,120,140,160,180,200
	slice:200:0,50,90,100,105,110,120,140,160,180,200
e90_n:Constant burden 90 day tracer 40N-pole emiss:1000:10:1000000000.0:ppb:0,.001,.01,.1,1,2,3,4,8,12,16,20,25,50,75,100,200,300,400,500
	slice:800:0,12,24,36,48,60,72,140,200,260,320,380,440,500
	slice:500:0,12,24,36,48,60,72,140,200,260,320,380,440,500
	slice:200:0,12,24,36,48,60,72,140,200,260,320,380,440,500
e90_s:Constant burden 90 day tracer 40S-pole emiss:1000:10:1000000000.0:ppb:0,.001,.01,.1,1,2,3,4,8,12,16,20,25,50,75,100,200,300,400,500
	slice:800:0,16,24,32,40,48,56,64,82,90,100,140,200,260,320,380,440,500
	slice:500:0,18,20,22,24,32,40,48,56,64,82,90,100,140,200,260,320,380,440,500
	slice:200:0,16,24,32,40,48,56,64,82,90,100,140,200,260,320,380,440,500
nh_5:Northern Hemisphere 5 day tracer:1000:100:1000000000.0:ppb:0.00001,0.0001,0.001,0.01,.1,1,10,20,40,60,80,100
	slice:200:0.00001,0.0001,0.001,0.01,.1,1,10,20,40,60,80,100
	slice:500:0.00001,0.0001,0.001,0.01,.1,1,10,20,40,60,80,100
	slice:1000:0.00001,0.0001,0.001,0.01,.1,1,10,20,40,60,80,100
nh_50:Northern Hemisphere 50 day tracer:1000:20:1000000000.0:ppb:0.001,0.01,0.1,1,2,4,6,8,10,20,40,60,80,90,100
	slice:200:0.001,0.01,0.1,1,2,4,6,8,10,20,40,60,80,90,100
	slice:500:0.001,0.01,0.1,1,2,4,6,8,10,20,40,60,80,90,100
	slice:1000:0.001,0.01,0.1,1,2,4,6,8,10,20,40,60,80,90,100
Pb210:Lead-210:1000:10:2.6141E19:mBq/SCM (hyl):0,.1,.2,.3,.4,.5,1,1.5,2,2.5,3.5,4.5,5
	slice:200:0,.1,.2,.3,.4,.5,.6,.7,.8,.9,1,1.5,2,2.5,3,3.25,3.5,3.75,4,4.25,4.5,4.75,5,5.25,5.5,5.75,6
	slice:500:0,.1,.2,.3,.4,.5,.6,.7,.8,.9,1,1.5,2,2.5,3,3.5,4,4.5,5,5.5,6
	slice:1000:0,.1,.2,.3,.4,.5,1,1.5,2,3,4,5,6,7,8,9,10
Pb210s:Lead-210 strat-source:1000:10:2.6141E19:mBq/SCM (hyl)
	slice:200
	slice:500
	slice:1000
Rn222:Radon-222:1000:100:5.6397E22:mBq/SCM (hyl):0,10,50,75,100,125,150,175,200,250,300,350,400,600,800,1000,1200,1400,1600,1800,2000
	slice:200:0,2,4,6,8,10,50,75,100,125,150,175,200,250,300,350,400,600,800,1000,1200
	slice:500:0,10,50,75,100,125,150,175,200,400,600,800,1000,1200,1400,1600,1800,2000
	slice:1000:0,10,20,30,40,50,75,100,200,400,600,800,1000,2000,6000,8000,10000
sf6:Sulfur Hexafluoride tracer:1000:0.1:1000000000000.0:ppt:5,5.1,5.2,5.3,5.4,5.5,5.6,5.7,5.8,5.9,6,6.1,6.2,6.3,6.4,6.5,6.6,6.7,6.8,6.9,7,7.1,7.2,7.3,7.4,7.5,7.6,7.7,7.8,7.9,8
	slice:200:6,6.1,6.2,6.3,6.4,6.5,6.6,6.7,6.8,6.9,7,7.1,7.2,7.3,7.4,7.5,7.6,7.7,7.8,8
	slice:500:6,6.5,6.6,6.7,6.8,6.9,7,7.1,7.2,7.3,7.4,7.5,7.6,7.7,7.8,7.9,8,9,10
	slice:1000:6,6.5,6.6,6.7,6.8,6.9,7.,7.5,8,9,10
st80_25:Stratospheric source 25 day tracer:1000:50:1000000000.0:ppb:0,.2,.4,.6,.8,1,2,3,4,5,20,40,80,100,120,140,160,180,200
	slice:200:0,.2,.4,.6,.8,1,2,3,4,5,20,40,80,100,120,140,160,180,200
	slice:500:0,.2,.4,.6,.8,1,2,3,4,5,20,40,80,100,120,140,160,180,200
	slice:1000:0,.2,.4,.6,.8,1,2,3,4,5,20,40,80,100,120,140,160,180,200
co_50_ea:Anthro CO 50 day tracer East Asia:1000:10:1000000000.0:ppb
        slice:200
        slice:500
        slice:1000
co_50_eu:Anthro CO 50 day tracer Europe:1000:10:1000000000.0:ppb
        slice:200
        slice:500
        slice:1000
co_50_na:Anthro CO 50 day tracer North America:1000:10:1000000000.0:ppb
        slice:200
        slice:500
        slice:1000
co_50_sa:Anthro CO 50 day tracer South Asia:1000:10:1000000000.0:ppb
        slice:200
        slice:500
        slice:100 
