aoa:Age of air (uniform source) tracer:1000:0.1:1:days:0,10,20,30,40,50,150,300,600,900,1000,1100,1200,1300,1400,1500,1600
	slice:10:0,1000,1100,1200,1300,1400,1500,1600,1700,1800,1900,2000
	slice:50:0,400,500,600,1000,1200,1400,1600,1800
	slice:500:0,5,10,15,20,25,30,35,40,45,50,55,60
aoa_bl:Age of air above boundary layer:1000:100:1:days:0,5,10,15,20,25,30,35,40,45,50,55,60
	slice:200:0,5,10,15,20,25,30,35,40,45,50,55,60,100,200,300,400,600
	slice:500:0,5,10,15,20,25,30,35,40,45,50,55,60
	slice:850:0,2,4,6,8,10,15,20,25,30,35,40,45,50,55,60
aoa_nh:Age of air northern hemisphere tracer:1000:10:0.002737850787132:years:0.0,0.5,1.,1.5,2.,2.5,3.,3.5,4.,4.5,5.,5.5,6.,6.5,7.
	slice:200:1.00,1.05,1.10,1.15,1.20,1.25,1.30,1.35,1.40,1.45,1.50,1.55,1.60,1.65,1.70,1.75,1.80,1.85,1.90,1.95,2.00
	slice:500:0.0,0.1,0.2,0.3,0.4,0.5,0.6,0.7,0.8,0.9,1.0,1.1,1.2,1.3,1.4,1.5,1.6,1.7,1.8,1.9,2.0
	slice:1000:0.0,0.1,0.2,0.3,0.4,0.5,0.6,0.7,0.8,0.9,1.0,1.1,1.2,1.3,1.4,1.5,1.6,1.7,1.8,1.9,2.0
Be10:Beryllium radionuclide 10:1000:10:1:mol mol-1:0,.025e-19,.05e-19,.075e-19,.1e-19,.25e-19,0.5e-19,.75e-19,1.5e-19,3e-19,4.5e-19,6e-19,7.5e-19,9e-19,1.5e-18
	slice:200:0,.025e-19,.05e-19,.075e-19,.1e-19,.2e-19,.3e-19,.4e-19,.5e-19,1e-19,1.5e-19,2e-19,2.5e-19,3e-19,3.5e-19,4e-19
	slice:500:0,4.6e-21,5.2e-21,5.8e-21,6.4e-21,7e-21,7.6e-21,8.2e-21,8.8e-21,9.4e-21,1e-20
	slice:1000:0,1.6e-21,2e-21,2.6e-21,3.2e-21,3.8e-21,4.4e-21,5e-21,5.6e-21,6.2e-21,6.8e-21
Be10s:Beryllium radionuclide 10 strat-source:1000:1:1:mol mol-1:0,1e-21,2e-21,3e-21,4e-21,1e-20,1e-19,2e-19,3e-19,4e-19,4.8e-19
	slice:200:0,2e-21,4e-21,6e-21,8e-21,1e-20,2e-20,4e-20,6e-20,8e-20,1e-19,2e-19
	slice:500:0,1e-21,2e-21,3e-21,4e-21,5e-21,6e-21,7e-21,8e-21,9e-21,10e-21
	slice:1000:0,2e-21,2.5e-21,3e-21,3.5e-21,4e-21,4.5e-21,5e-21,5.5e-21,6e-21
Be7:Beryllium radionuclide 7:1000:10:1:mol mol-1:0,6e-22,9e-22,1e-21,1.25e-21,1.5e-21,1.75e-21,2e-21,3e-21,5e-21,7e-21,1e-20,3e-20,5e-20,7e-20,8e-20,10e-20
	slice:200:0,1.4e-21,1.8e-21,2.2e-21,2.6e-21,3e-21,4.4e-21,5.9e-21,7.3e-21,8.7e-21,1.1e-20,1.2e-20,1.3e-20,1.4e-20,1.5e-20,1.6e-20,1.7e-20,1.8e-20,1.9e-20
	slice:500:0,1.2e-21,1.4e-21,1.6e-21,1.8e-21,2e-21,2.2e-21,2.4e-21,2.6e-21
	slice:1000:0,4.5e-22,5.5e-22,6.5e-22,7.5e-22,8.5e-22,9.5e-22,1e-21,1.25e-21,1.5e-21,2e-21,2.25e-21,2.5e-21
Be7s:Beryllium radionuclide 7 strat-source:1000:10:1:mol mol-1:0,2e-22,3e-22,4e-22,6e-22,8e-22,1e-21,2e-21,3e-21,5e-21,7e-21,1e-20,2e-20,3e-20,5e-20,7e-20,8e-20,10e-20
	slice:200:0,1e-22,2e-22,3e-22,4e-22,5e-22,2e-21,2.5e-21,3e-21,4e-21,5e-21,7e-21,8e-21,9e-21,1e-20,1.2e-20,1.4e-20,1.6e-20,1.8e-20,2e-20
	slice:500:0,2e-22,3e-22,4e-22,5e-22,6e-22,7e-22,8e-22,9e-22,1e-21
	slice:1000:0,1.5e-22,2e-22,2.5e-22,3e-22,3.5e-22,4e-22,4.5e-22,5e-22,5.5e-22
CH3I:Methyl iodide:1000:100:1000000000000.0:ppt:0,7e-14,7e-13,7e-12,7e-11,7e-10,1e-9,3e-9,5e-9,7e-9,8e-9,9e-9,1e-8,1.2e-8,1.4e-8,1.6e-8,1.8e-8,2e-8,3e-8,6e-8,1.4e-7
	slice:200:0,2.5e-11,5e-11,7.5e-11,1e-10,1.5e-10,2.5e-10,5e-10,7.5e-10,1e-9,2.5e-9,5e-9,7.5e-9,1e-8,1.2e-8,1.4e-8,1.6e-8,1.8e-8,2e-8,2.2e-8,2.4e-8
	slice:500:0,2e-9,3e-9,4e-9,6e-9,8e-9,1e-8,1.2e-8,1.4e-8,1.6e-8,1.8e-8,2e-8,2.2e-8,2.4e-8,2.6e-8,2.8e-8,3e-8
	slice:1000:0,5e-9,1e-8,2e-8,4e-8,6e-8,8e-8,1e-7,1.2e-7,1.4e-7,1.6e-7,1.8e-7,2e-7,2.2e-7,2.4e-7
co_25:Anthro CO 25 day tracer:1000:50:1000000000.0:ppb:0,.2,.4,.6,.8,1,2,3,4,5,6,7,8,9,10,20,30,40,50
	slice:100:0,.2,.4,.6,.8,1,2,3,4,5,6,7,8,9,10,20,30,40,50
	slice:200:0,.2,.4,.6,.8,1,2,3,4,5,6,7,8,9,10,20,30,40,50
	slice:500:0,.2,.4,.6,.8,1,2,3,4,5,6,7,8,9,10,20,30,40,50
	slice:850:0,.2,.4,.6,.8,1,2,3,4,5,6,7,8,9,10,20,30,40,50
	slice:1000:0,.2,.4,.6,.8,1,2,3,4,5,6,7,8,9,10,20,30,40,50
co_50:Anthro CO 50 day tracer:1000:50:1000000000.0:ppb:0,1,2,3,4,5,10,15,20,40,60,80,100
	slice:200:0,1,2,3,4,5,10,15,20,40,60,80,100
	slice:500:0,1,2,3,4,5,10,15,20,40,60,80,100
	slice:1000:0,1,2,3,4,5,10,15,20,40,60,80,100
e90:Constant burden 90 day tracer:1000:70:1000000000.0:ppb:0,50,90,100,105,110,120,140,160,180,200
	slice:800:0,50,90,100,105,110,120,140,160,180,200
	slice:500:0,50,90,100,105,110,120,140,160,180,200
	slice:200:0,50,90,100,105,110,120,140,160,180,200
e90_n:Constant burden 90 day tracer 40N-pole emiss:1000:10:1000000000.0:ppb:0,.001,.01,.1,1,2,3,4,8,12,16,20,25,50,75,100,200,300,400,500
	slice:800:0,12,24,36,48,60,72,140,200,260,320,380,440,500
	slice:500:0,12,24,36,48,60,72,140,200,260,320,380,440,500
	slice:200:0,12,24,36,48,60,72,140,200,260,320,380,440,500
e90_s:Constant burden 90 day tracer 40S-pole emiss:1000:10:1000000000.0:ppb:0,.001,.01,.1,1,2,3,4,8,12,16,20,25,50,75,100,200,300,400,500
	slice:800:0,16,24,32,40,48,56,64,82,90,100,140,200,260,320,380,440,500
	slice:500:0,18,20,22,24,32,40,48,56,64,82,90,100,140,200,260,320,380,440,500
	slice:200:0,16,24,32,40,48,56,64,82,90,100,140,200,260,320,380,440,500
nh_5:Northern Hemisphere 5 day tracer:1000:100:1000000000.0:ppb:0.00001,0.0001,0.001,0.01,.1,1,10,20,40,60,80,100
	slice:200:0.00001,0.0001,0.001,0.01,.1,1,10,20,40,60,80,100
	slice:500:0.00001,0.0001,0.001,0.01,.1,1,10,20,40,60,80,100
	slice:1000:0.00001,0.0001,0.001,0.01,.1,1,10,20,40,60,80,100
nh_50:Northern Hemisphere 50 day tracer:1000:20:1000000000.0:ppb:0.001,0.01,0.1,1,2,4,6,8,10,20,40,60,80,90,100
	slice:200:0.001,0.01,0.1,1,2,4,6,8,10,20,40,60,80,90,100
	slice:500:0.001,0.01,0.1,1,2,4,6,8,10,20,40,60,80,90,100
	slice:1000:0.001,0.01,0.1,1,2,4,6,8,10,20,40,60,80,90,100
Pb210:Lead-210:1000:10:1:mol mol-1:0,3e-19,4.5e-19,6e-19,7.5e-19,9e-19,1.05e-18,1.2e-18,1.35e-18,1.5e-18,1.7e-18
	slice:200:0,9.3e-19,9.6e-19,9.9e-19,1.05e-18,1.15e-18,1.25e-18,1.35e-18,1.45e-18,1.55e-18,1.65e-18
	slice:500:0,5.5e-19,7e-19,8.5e-19,1e-18,1.15e-18,1.3e-18,1.45e-18,1.6e-18,1.75e-18,1.9e-18
	slice:1000:0,3.5e-19,5e-19,6.5e-19,8e-19,9.5e-19,1.1e-18,1.25e-18,1.4e-18,1.65e-18
Pb210s:Lead-210 strat-source:1000:10:1:mol mol-1:0,3e-21,6e-21,9e-21,1.2e-20,1.6e-20,2e-20,2.4e-20,2.8e-20,3.2e-20,3.6e-20,4e-20,4.4e-20
	slice:200:0,4.4e-21,5e-21,5.6e-21,6.2e-21,7.4e-21,8.6e-21,9e-21,9.5e-21,1e-20,1.05e-20,1.1e-20,1.2e-20,1.3e-20,1.4e-20,1.8e-20,2.6e-20,3.4e-20,3.8e-20,4.2e-20,4.6e-20
	slice:500:0,3e-21,3.5e-21,4e-21,4.5e-21,6e-21,7.5e-21,9e-21,1e-20,1.1e-20,1.2e-20,1.3e-20,1.4e-20,1.5e-20,1.6e-20,1.8e-20,2e-20
	slice:1000:0,2.3e-21,2.6e-21,2.9e-21,3.2e-21,3.4e-21,3.6e-21,3.8e-21,4e-21,6e-21,8e-21,9e-21,1e-20,1.1e-20,1.2e-20
Rn222:Radon-222:1000:100:5.6397E22:hyl:0,3.7e-25,3.7e-24,3.7e-23,3.7e-22,4.1e-21,6e-21,8e-21,1e-20,1.2e-20,1.4e-20,1.6e-20,1.8e-20,2e-20,3e-20,4e-20,4.6e-20,6.5e-20,8.5e-20,1.05e-19,1.25e-19,1.45e-19,1.65e-19,1.85e-19,2.05e-19
	slice:200:0,2.4e-22,4.4e-22,8.4e-22,2.4e-21,1.6e-20,3e-20,4.4e-20,5.8e-20,7.2e-20,8.6e-20,1e-19,1.2e-19,1.4e-19,1.6e-19,1.8e-19
	slice:500:0,1.6e-21,1.8e-21,2e-21,4e-21,6e-21,8e-21,1e-20,2e-20,4e-20,6e-20,8e-20,1e-19,2e-19,3e-19,4e-19,5e-19,6e-19,7e-19,8e-19,9e-19
	slice:1000:1e-21,1.2e-21,1.4e-21,1.6e-21,1.8e-21,2e-21,4e-21,6e-21,8e-21,1e-20,2e-20,4e-20,6e-20,8e-20,1e-19,2e-19,3e-19,4e-19,5e-19,6e-19,7e-19,8e-19,9e-19,1e-18
sf6:Sulfur Hexafluoride tracer:1000:0.1:1000000000000.0:ppt:5,5.1,5.2,5.3,5.4,5.5,5.6,5.7,5.8,5.9,6,6.1,6.2,6.3,6.4,6.5,6.6,6.7,6.8,6.9,7,7.1,7.2,7.3,7.4,7.5,7.6,7.7,7.8,7.9,8
	slice:200:6,6.1,6.2,6.3,6.4,6.5,6.6,6.7,6.8,6.9,7,7.1,7.2,7.3,7.4,7.5,7.6,7.7,7.8,8
	slice:500:6,6.5,6.6,6.7,6.8,6.9,7,7.1,7.2,7.3,7.4,7.5,7.6,7.7,7.8,7.9,8,9,10
	slice:1000:6,6.5,6.6,6.7,6.8,6.9,7.,7.5,8,9,10
st80_25:Stratospheric source 25 day tracer:1000:50:1000000000.0:ppb:0,.2,.4,.6,.8,1,2,3,4,5,20,40,80,100,120,140,160,180,200
	slice:200:0,.2,.4,.6,.8,1,2,3,4,5,20,40,80,100,120,140,160,180,200
	slice:500:0,.2,.4,.6,.8,1,2,3,4,5,20,40,80,100,120,140,160,180,200
	slice:1000:0,.2,.4,.6,.8,1,2,3,4,5,20,40,80,100,120,140,160,180,200
co_50_ea:Anthro CO 50 day tracer East Asia:1000:10:1000000000.0:ppb
        slice:200
        slice:500
        slice:1000
co_50_eu:Anthro CO 50 day tracer Europe:1000:10:1000000000.0:ppb
        slice:200
        slice:500
        slice:1000
co_50_na:Anthro CO 50 day tracer North America:1000:10:1000000000.0:ppb
        slice:200
        slice:500
        slice:1000
co_50_sa:Anthro CO 50 day tracer South Asia:1000:10:1000000000.0:ppb
        slice:200
        slice:500
        slice:1000
