[aoa]
long_name = Age of air (uniform source) tracer
zmlowlevel = 1000
zmhighlevel = 1
unitconversion = 1
unitname = days
zmcontours = [0.0, 10.0, 20.0, 30.0, 40.0, 50.0, 150.0, 300.0, 600.0, 900.0, 1000.0, 1100.0, 1200.0, 1300.0, 1400.0, 1500.0, 1600.0]
zmdiffcontours = [-100.0, -80.0, -60.0, -40.0, -20.0, 0.0, 20.0, 40.0, 60.0, 80.0, 100.0]
slice_10 = [0.0, 100.0, 150.0, 175.0, 200.0, 225.0, 250.0, 275.0, 300.0]
diffslice_10 = [-10.0, -8.0, -6.0, -4.0, -2.0, -1.0, 0.0, 1.0, 2.0, 4.0, 6.0, 8.0, 10.0]
slice_50 = [0.0, 100.0, 150.0, 175.0, 200.0, 225.0, 250.0, 275.0, 300.0]
diffslice_50 = [-10.0, -8.0, -6.0, -4.0, -2.0, -1.0, 0.0, 1.0, 2.0, 4.0, 6.0, 8.0, 10.0]
slice_500 = [0.0, 5.0, 10.0, 15.0, 20.0, 25.0, 30.0, 35.0, 40.0, 45.0, 50.0, 55.0, 60.0]
diffslice_500 = [-10.0, -8.0, -6.0, -4.0, -2.0, -1.0, 0.0, 1.0, 2.0, 4.0, 6.0, 8.0, 10.0]

[aoa_bl]
long_name = Age of air above boundary layer
zmlowlevel = 1000
zmhighlevel = 100
unitconversion = 1
unitname = days
zmcontours = [0.0, 5.0, 10.0, 15.0, 20.0, 25.0, 30.0, 35.0, 40.0, 45.0, 50.0, 55.0, 60.0]
zmdiffcontours = [-400.0, -350.0, -300.0, -250.0, -150.0, -50.0, 0.0, 50.0, 150.0, 250.0, 300.0, 350.0, 400.0]
slice_200 = [0.0, 5.0, 10.0, 15.0, 20.0, 25.0, 30.0, 35.0, 40.0, 45.0, 50.0, 55.0, 60.0, 100.0, 200.0, 300.0, 400.0, 600.0]
diffslice_200 = []
slice_500 = [0.0, 5.0, 10.0, 15.0, 20.0, 25.0, 30.0, 35.0, 40.0, 45.0, 50.0, 55.0, 60.0]
diffslice_500 = []
slice_850 = [0.0, 2.0, 4.0, 6.0, 8.0, 10.0, 15.0, 20.0, 25.0, 30.0, 35.0, 40.0, 45.0, 50.0, 55.0, 60.0]
diffslice_850 = []

[aoa_nh]
long_name = Age of air northern hemisphere tracer
zmlowlevel = 1000
zmhighlevel = 10
unitconversion = 1
unitname = days
zmcontours = [0.0, 25.0, 50.0, 75.0, 100.0, 200.0, 300.0, 400.0, 500.0, 600.0, 700.0, 800.0, 1000.0, 1200.0, 1400.0, 1600.0, 1800.0, 2000.0, 2200.0]
zmdiffcontours = [-400.0, -350.0, -300.0, -250.0, -150.0, -50.0, 0.0, 50.0, 150.0, 250.0, 300.0, 350.0, 400.0]
slice_200 = [0.0, 50.0, 100.0, 125.0, 150.0, 175.0, 200.0, 250.0, 300.0, 350.0, 400.0, 450.0, 500.0, 550.0, 600.0, 625.0, 650.0, 675.0, 700.0]
diffslice_200 = [-40.0, -30.0, -20.0, -15.0, -10.0, -5.0, -2.0, 0.0, 2.0, 5.0, 10.0, 15.0, 20.0, 30.0, 40.0]
slice_500 = [0.0, 50.0, 100.0, 150.0, 200.0, 250.0, 300.0, 350.0, 400.0, 450.0, 500.0, 550.0, 600.0, 625.0, 650.0, 675.0, 700.0]
diffslice_500 = [-40.0, -30.0, -20.0, -15.0, -10.0, -5.0, -2.0, 0.0, 2.0, 5.0, 10.0, 15.0, 20.0, 30.0, 40.0]
slice_1000 = [0.0, 50.0, 100.0, 150.0, 200.0, 250.0, 300.0, 350.0, 400.0, 450.0, 500.0, 550.0, 600.0, 625.0, 650.0, 675.0, 700.0]
diffslice_1000 = [-200.0, -160.0, -120.0, -80.0, -40.0, -30.0, -20.0, -10.0, -5.0, -0.0, 5.0, 10.0, 20.0, 30.0, 40.0, 80.0, 120.0, 160.0, 200.0]

[Be10]
long_name = Beryllium radionuclide 10
zmlowlevel = 1000
zmhighlevel = 10
unitconversion = 2.3699E20
unitname = nBq/SCM
zmcontours = [0.0, 1.0, 2.0, 3.0, 4.0, 5.0, 10.0, 20.0, 50.0, 100.0, 200.0, 500.0]
zmdiffcontours = [-20.0, -16.0, -12.0, -8.0, -4.0, 0.0, 4.0, 8.0, 12.0, 16.0, 20.0]
slice_200 = [0.0, 1.0, 2.0, 3.0, 4.0, 5.0, 10.0, 20.0, 50.0, 100.0, 200.0, 500.0]
diffslice_200 = [-10.0, -9.0, -8.0, -7.0, -6.0, -5.0, -4.0, -2.0, 0.0, 2.0, 4.0, 5.0, 6.0, 7.0, 8.0, 9.0, 10.0]
slice_500 = [0.0, 0.01, 0.1, 0.5, 1.0, 2.0, 3.0, 4.0, 5.0, 6.0, 7.0, 8.0, 9.0, 10.0, 15.0, 20.0, 25.0, 50.0, 75.0, 100.0]
diffslice_500 = [-10.0, -9.0, -8.0, -7.0, -6.0, -5.0, -4.0, -2.0, 0.0, 2.0, 4.0, 5.0, 6.0, 7.0, 8.0, 9.0, 10.0]
slice_1000 = [0.0, 0.01, 0.1, 1.0, 1.5, 2.0, 2.5, 3.0, 3.5, 4.0, 4.5, 5.0, 10.0, 25.0, 75.0, 100.0]
diffslice_1000 = [-10.0, -9.0, -8.0, -7.0, -6.0, -5.0, -4.0, -2.0, 0.0, 2.0, 4.0, 5.0, 6.0, 7.0, 8.0, 9.0, 10.0]

[Be10s]
long_name = Beryllium radionuclide 10 strat-source
zmlowlevel = 1000
zmhighlevel = 1
unitconversion = 2.3699E20
unitname = nBq/SCM
zmcontours = [0.0, 1.0, 2.0, 3.0, 4.0, 5.0, 10.0, 20.0, 50.0, 100.0, 200.0, 500.0]
zmdiffcontours = []
slice_200 = [0.0, 1.0, 2.0, 2.5, 3.0, 4.0, 5.0, 10.0, 20.0, 50.0, 75.0, 100.0, 200.0, 500.0]
diffslice_200 = []
slice_500 = [0.0, 0.01, 0.1, 0.5, 1.0, 2.0, 3.0, 4.0, 5.0, 6.0, 7.0, 8.0, 9.0, 10.0, 15.0, 20.0, 25.0, 50.0, 75.0, 100.0]
diffslice_500 = []
slice_1000 = [0.0, 0.01, 0.1, 1.0, 1.5, 2.0, 2.5, 3.0, 3.5, 4.0, 4.5, 5.0, 10.0, 25.0, 75.0, 100.0]
diffslice_1000 = []

[Be7]
long_name = Beryllium radionuclide 7
zmlowlevel = 1000
zmhighlevel = 10
unitconversion = 4.0513E21
unitname = mBq/SCM (hyl)
zmcontours = [0.0, 1.0, 2.0, 5.0, 10.0, 20.0, 30.0, 40.0, 50.0, 100.0, 200.0, 500.0]
zmdiffcontours = [-30.0, -25.0, -20.0, -15.0, -10.0, -5.0, 0.0, 5.0, 10.0, 15.0, 20.0, 25.0, 30.0]
slice_200 = [0.0, 1.0, 2.0, 3.0, 4.0, 5.0, 6.0, 7.0, 8.0, 9.0, 10.0, 20.0, 30.0, 40.0, 50.0, 100.0, 200.0, 300.0, 400.0, 500.0]
diffslice_200 = [-20.0, -18.0, -16.0, -12.0, -8.0, -4.0, 0.0, 4.0, 8.0, 12.0, 16.0, 18.0, 20.0]
slice_500 = [0.0, 1.0, 2.0, 3.0, 4.0, 5.0, 6.0, 7.0, 8.0, 9.0, 10.0, 20.0, 30.0, 40.0, 50.0, 100.0, 200.0, 300.0, 400.0, 500.0]
diffslice_500 = [-30.0, -28.0, -26.0, -24.0, -22.0, -20.0, -18.0, -16.0, -12.0, -10.0, 0.0, 10.0, 12.0, 16.0, 18.0, 20.0, 22.0, 24.0, 26.0, 28.0, 30.0]
slice_1000 = [0.0, 1.0, 2.0, 3.0, 4.0, 5.0, 6.0, 7.0, 8.0, 9.0, 10.0, 20.0, 30.0, 40.0, 50.0, 100.0, 200.0, 300.0, 400.0, 500.0]
diffslice_1000 = [-20.0, -18.0, -16.0, -14.0, -12.0, -8.0, -4.0, 0.0, 4.0, 8.0, 12.0, 14.0, 16.0, 18.0, 20.0]

[Be7s]
long_name = Beryllium radionuclide 7 strat-source
zmlowlevel = 1000
zmhighlevel = 10
unitconversion = 4.0513E21
unitname = mBq/SCM (hyl)
zmcontours = [0.0, 1.0, 2.0, 5.0, 10.0, 20.0, 50.0, 100.0, 200.0, 500.0]
zmdiffcontours = []
slice_200 = [0.0, 1.0, 2.0, 3.0, 4.0, 5.0, 6.0, 7.0, 8.0, 9.0, 10.0, 20.0, 30.0, 40.0, 50.0, 100.0, 200.0, 300.0, 400.0, 500.0]
diffslice_200 = []
slice_500 = [0.0, 1.0, 2.0, 3.0, 4.0, 5.0, 6.0, 7.0, 8.0, 9.0, 10.0, 20.0, 30.0, 40.0, 50.0, 100.0, 200.0, 300.0, 400.0, 500.0]
diffslice_500 = []
slice_1000 = [0.0, 1.0, 2.0, 3.0, 4.0, 5.0, 6.0, 7.0, 8.0, 9.0, 10.0, 20.0, 30.0, 40.0, 50.0, 100.0, 200.0, 300.0, 400.0, 500.0]
diffslice_1000 = []

[CH3I]
long_name = Methyl iodide
zmlowlevel = 1000
zmhighlevel = 100
unitconversion = 1000000000000000000000.0
unitname = pp?(1e21)
zmcontours = [0.0, 2.0, 4.0, 6.0, 10.0, 20.0, 30.0, 40.0, 50.0, 60.0, 70.0, 80.0, 90.0, 100.0]
zmdiffcontours = [-20.0, -4.0, -3.0, -2.0, -1.0, 0.0, 1.0, 2.0, 3.0, 4.0, 20.0]
slice_200 = [0.0, 2.0, 4.0, 6.0, 8.0, 10.0, 12.0, 14.0, 16.0, 18.0, 20.0, 22.0]
diffslice_200 = [-10.0, -9.0, -8.0, -7.0, -6.0, -5.0, -4.0, -2.0, 0.0, 2.0, 4.0, 5.0, 6.0, 7.0, 8.0, 9.0, 10.0]
slice_500 = [0.0, 2.0, 4.0, 6.0, 8.0, 10.0, 12.0, 14.0, 16.0, 18.0, 20.0, 22.0]
diffslice_500 = [-10.0, -9.0, -8.0, -7.0, -6.0, -5.0, -4.0, -2.0, 0.0, 2.0, 4.0, 5.0, 6.0, 7.0, 8.0, 9.0, 10.0]
slice_1000 = [0.0, 24.0, 48.0, 72.0, 96.0, 120.0, 144.0, 168.0, 192.0, 216.0]
diffslice_1000 = [-60.0, -40.0, -20.0, -10.0, -8.0, -6.0, -4.0, -2.0, 0.0, 2.0, 4.0, 6.0, 8.0, 10.0, 20.0, 40.0, 60.0]

[co_25]
long_name = Anthro CO 25 day tracer
zmlowlevel = 1000
zmhighlevel = 50
unitconversion = 1000000000.0
unitname = ppb
zmcontours = [0.0, 0.2, 0.4, 0.6, 0.8, 1.0, 2.0, 3.0, 4.0, 5.0, 6.0, 7.0, 8.0, 9.0, 10.0, 11.0, 12.0, 13.0, 14.0, 15.0, 20.0, 25.0, 30.0, 40.0, 50.0]
zmdiffcontours = [-10.0, -2.0, -1.5, -1.0, -0.5, -0.25, 0.0, 0.25, 0.5, 1.0, 1.5, 2.0, 10.0]
slice_100 = [0.0, 0.2, 0.4, 0.6, 0.8, 1.0, 2.0, 3.0, 4.0, 5.0, 6.0, 7.0, 8.0, 9.0, 10.0, 20.0, 30.0, 40.0, 50.0]
diffslice_100 = [-10.0, -8.0, -6.0, -4.0, -2.0, 0.0, 2.0, 4.0, 6.0, 8.0, 10.0]
slice_200 = [0.0, 0.2, 0.4, 0.6, 0.8, 1.0, 2.0, 3.0, 4.0, 5.0, 6.0, 7.0, 8.0, 9.0, 10.0, 20.0, 30.0, 40.0, 50.0]
diffslice_200 = [-10.0, -8.0, -6.0, -4.0, -2.0, 0.0, 2.0, 4.0, 6.0, 8.0, 10.0]
slice_500 = [0.0, 0.2, 0.4, 0.6, 0.8, 1.0, 2.0, 3.0, 4.0, 5.0, 6.0, 7.0, 8.0, 9.0, 10.0, 20.0, 30.0, 40.0, 50.0]
diffslice_500 = [-10.0, -8.0, -6.0, -4.0, -2.0, 0.0, 2.0, 4.0, 6.0, 8.0, 10.0]
slice_850 = [0.0, 0.2, 0.4, 0.6, 0.8, 1.0, 2.0, 3.0, 4.0, 5.0, 6.0, 7.0, 8.0, 9.0, 10.0, 20.0, 30.0, 40.0, 50.0]
diffslice_850 = [-10.0, -8.0, -6.0, -4.0, -2.0, 0.0, 2.0, 4.0, 6.0, 8.0, 10.0]
slice_1000 = [0.0, 0.2, 0.4, 0.6, 0.8, 1.0, 2.0, 3.0, 4.0, 5.0, 6.0, 7.0, 8.0, 9.0, 10.0, 20.0, 30.0, 40.0, 50.0]
diffslice_1000 = [-200.0, -180.0, -140.0, -100.0, -80.0, -60.0, -40.0, -20.0, 0.0, 20.0, 40.0, 60.0, 80.0, 100.0, 140.0, 180.0, 200.0]

[co_50]
long_name = Anthro CO 50 day tracer
zmlowlevel = 1000
zmhighlevel = 50
unitconversion = 1000000000.0
unitname = ppb
zmcontours = [0.0, 1.0, 2.0, 3.0, 4.0, 5.0, 10.0, 15.0, 20.0, 25.0, 30.0, 40.0, 60.0, 80.0, 100.0]
zmdiffcontours = [-10.0, -2.0, -1.5, -1.0, -0.5, -0.25, 0.0, 0.25, 0.5, 1.0, 1.5, 2.0, 10.0]
slice_200 = [0.0, 1.0, 2.0, 3.0, 4.0, 5.0, 10.0, 15.0, 20.0, 40.0, 60.0, 80.0, 100.0]
diffslice_200 = [-10.0, -8.0, -6.0, -4.0, -2.0, 0.0, 2.0, 4.0, 6.0, 8.0, 10.0]
slice_500 = [0.0, 1.0, 2.0, 3.0, 4.0, 5.0, 10.0, 15.0, 20.0, 25.0, 30.0, 40.0, 60.0, 80.0, 100.0]
diffslice_500 = [-10.0, -8.0, -6.0, -4.0, -2.0, 0.0, 2.0, 4.0, 6.0, 8.0, 10.0]
slice_1000 = [0.0, 1.0, 2.0, 3.0, 4.0, 5.0, 10.0, 15.0, 20.0, 40.0, 60.0, 80.0, 100.0]
diffslice_1000 = [-200.0, -180.0, -140.0, -100.0, -80.0, -60.0, -40.0, -20.0, 0.0, 20.0, 40.0, 60.0, 80.0, 100.0, 140.0, 180.0, 200.0]

[co_50_ea]
long_name = Anthro CO 50 day tracer
zmlowlevel = 1000
zmhighlevel = 50
unitconversion = 1000000000.0
unitname = ppb
zmcontours = [0.0, 1.0, 2.0, 3.0, 4.0, 5.0, 10.0, 15.0, 20.0, 25.0, 30.0, 40.0, 60.0, 80.0, 100.0]
zmdiffcontours = [-10.0, -2.0, -1.5, -1.0, -0.5, -0.25, 0.0, 0.25, 0.5, 1.0, 1.5, 2.0, 10.0]
slice_200 = [0.0, 1.0, 2.0, 3.0, 4.0, 5.0, 10.0, 15.0, 20.0, 40.0, 60.0, 80.0, 100.0]
diffslice_200 = [-10.0, -8.0, -6.0, -4.0, -2.0, 0.0, 2.0, 4.0, 6.0, 8.0, 10.0]
slice_500 = [0.0, 1.0, 2.0, 3.0, 4.0, 5.0, 10.0, 15.0, 20.0, 25.0, 30.0, 40.0, 60.0, 80.0, 100.0]
diffslice_500 = [-10.0, -8.0, -6.0, -4.0, -2.0, 0.0, 2.0, 4.0, 6.0, 8.0, 10.0]
slice_1000 = [0.0, 1.0, 2.0, 3.0, 4.0, 5.0, 10.0, 15.0, 20.0, 40.0, 60.0, 80.0, 100.0]
diffslice_1000 = [-200.0, -180.0, -140.0, -100.0, -80.0, -60.0, -40.0, -20.0, 0.0, 20.0, 40.0, 60.0, 80.0, 100.0, 140.0, 180.0, 200.0]

[co_50_eu]
long_name = Anthro CO 50 day tracer
zmlowlevel = 1000
zmhighlevel = 50
unitconversion = 1000000000.0
unitname = ppb
zmcontours = [0.0, 1.0, 2.0, 3.0, 4.0, 5.0, 10.0, 15.0, 20.0, 25.0, 30.0, 40.0, 60.0, 80.0, 100.0]
zmdiffcontours = [-10.0, -2.0, -1.5, -1.0, -0.5, -0.25, 0.0, 0.25, 0.5, 1.0, 1.5, 2.0, 10.0]
slice_200 = [0.0, 1.0, 2.0, 3.0, 4.0, 5.0, 10.0, 15.0, 20.0, 40.0, 60.0, 80.0, 100.0]
diffslice_200 = [-10.0, -8.0, -6.0, -4.0, -2.0, 0.0, 2.0, 4.0, 6.0, 8.0, 10.0]
slice_500 = [0.0, 1.0, 2.0, 3.0, 4.0, 5.0, 10.0, 15.0, 20.0, 25.0, 30.0, 40.0, 60.0, 80.0, 100.0]
diffslice_500 = [-10.0, -8.0, -6.0, -4.0, -2.0, 0.0, 2.0, 4.0, 6.0, 8.0, 10.0]
slice_1000 = [0.0, 1.0, 2.0, 3.0, 4.0, 5.0, 10.0, 15.0, 20.0, 40.0, 60.0, 80.0, 100.0]
diffslice_1000 = [-200.0, -180.0, -140.0, -100.0, -80.0, -60.0, -40.0, -20.0, 0.0, 20.0, 40.0, 60.0, 80.0, 100.0, 140.0, 180.0, 200.0]

[co_50_na]
long_name = Anthro CO 50 day tracer
zmlowlevel = 1000
zmhighlevel = 50
unitconversion = 1000000000.0
unitname = ppb
zmcontours = [0.0, 1.0, 2.0, 3.0, 4.0, 5.0, 10.0, 15.0, 20.0, 25.0, 30.0, 40.0, 60.0, 80.0, 100.0]
zmdiffcontours = [-10.0, -2.0, -1.5, -1.0, -0.5, -0.25, 0.0, 0.25, 0.5, 1.0, 1.5, 2.0, 10.0]
slice_200 = [0.0, 1.0, 2.0, 3.0, 4.0, 5.0, 10.0, 15.0, 20.0, 40.0, 60.0, 80.0, 100.0]
diffslice_200 = [-10.0, -8.0, -6.0, -4.0, -2.0, 0.0, 2.0, 4.0, 6.0, 8.0, 10.0]
slice_500 = [0.0, 1.0, 2.0, 3.0, 4.0, 5.0, 10.0, 15.0, 20.0, 25.0, 30.0, 40.0, 60.0, 80.0, 100.0]
diffslice_500 = [-10.0, -8.0, -6.0, -4.0, -2.0, 0.0, 2.0, 4.0, 6.0, 8.0, 10.0]
slice_1000 = [0.0, 1.0, 2.0, 3.0, 4.0, 5.0, 10.0, 15.0, 20.0, 40.0, 60.0, 80.0, 100.0]
diffslice_1000 = [-200.0, -180.0, -140.0, -100.0, -80.0, -60.0, -40.0, -20.0, 0.0, 20.0, 40.0, 60.0, 80.0, 100.0, 140.0, 180.0, 200.0]

[co_50_sa]
long_name = Anthro CO 50 day tracer
zmlowlevel = 1000
zmhighlevel = 50
unitconversion = 1000000000.0
unitname = ppb
zmcontours = [0.0, 1.0, 2.0, 3.0, 4.0, 5.0, 10.0, 15.0, 20.0, 25.0, 30.0, 40.0, 60.0, 80.0, 100.0]
zmdiffcontours = [-10.0, -2.0, -1.5, -1.0, -0.5, -0.25, 0.0, 0.25, 0.5, 1.0, 1.5, 2.0, 10.0]
slice_200 = [0.0, 1.0, 2.0, 3.0, 4.0, 5.0, 10.0, 15.0, 20.0, 40.0, 60.0, 80.0, 100.0]
diffslice_200 = [-10.0, -8.0, -6.0, -4.0, -2.0, 0.0, 2.0, 4.0, 6.0, 8.0, 10.0]
slice_500 = [0.0, 1.0, 2.0, 3.0, 4.0, 5.0, 10.0, 15.0, 20.0, 25.0, 30.0, 40.0, 60.0, 80.0, 100.0]
diffslice_500 = [-10.0, -8.0, -6.0, -4.0, -2.0, 0.0, 2.0, 4.0, 6.0, 8.0, 10.0]
slice_1000 = [0.0, 1.0, 2.0, 3.0, 4.0, 5.0, 10.0, 15.0, 20.0, 40.0, 60.0, 80.0, 100.0]
diffslice_1000 = [-200.0, -180.0, -140.0, -100.0, -80.0, -60.0, -40.0, -20.0, 0.0, 20.0, 40.0, 60.0, 80.0, 100.0, 140.0, 180.0, 200.0]

[e90]
long_name = Constant burden 90 day tracer
zmlowlevel = 1000
zmhighlevel = 70
unitconversion = 1000000000.0
unitname = ppb
zmcontours = [0.0, 50.0, 90.0, 100.0, 105.0, 110.0, 120.0, 140.0, 160.0, 180.0, 200.0]
zmdiffcontours = [-100.0, -10.0, -5.0, -2.0, -1.0, 0.0, 1.0, 2.0, 5.0, 10.0, 100.0]
slice_800 = [0.0, 50.0, 90.0, 100.0, 105.0, 110.0, 120.0, 140.0, 160.0, 180.0, 200.0]
diffslice_800 = [-30.0, -25.0, -20.0, -15.0, -10.0, -5.0, 0.0, 5.0, 10.0, 15.0, 20.0, 25.0, 30.0]
slice_500 = [0.0, 50.0, 90.0, 100.0, 105.0, 110.0, 120.0, 140.0, 160.0, 180.0, 200.0]
diffslice_500 = [-10.0, -8.0, -6.0, -4.0, -2.0, 0.0, 2.0, 4.0, 6.0, 8.0, 10.0]
slice_200 = [0.0, 50.0, 90.0, 100.0, 105.0, 110.0, 120.0, 140.0, 160.0, 180.0, 200.0]
diffslice_200 = [-10.0, -8.0, -6.0, -4.0, -2.0, 0.0, 2.0, 4.0, 6.0, 8.0, 10.0]

[e90n]
long_name = Constant burden 90 day tracer 40N-pole emiss
zmlowlevel = 1000
zmhighlevel = 10
unitconversion = 1000000000.0
unitname = ppb
zmcontours = [0.0, 0.001, 0.01, 0.1, 1.0, 2.0, 3.0, 4.0, 8.0, 12.0, 16.0, 20.0, 25.0, 50.0, 75.0, 100.0, 200.0, 300.0, 400.0, 500.0]
zmdiffcontours = [-100.0, -50.0, -25.0, -10.0, -5.0, -2.0, 0.0, 2.0, 5.0, 10.0, 25.0, 50.0, 100.0]
slice_800 = [0.0, 12.0, 24.0, 36.0, 48.0, 60.0, 72.0, 140.0, 200.0, 260.0, 320.0, 380.0, 440.0, 500.0]
diffslice_800 = [-200.0, -160.0, -100.0, -50.0, -10.0, -5.0, -2.0, 0.0, 2.0, 5.0, 10.0, 50.0, 100.0, 160.0, 200.0]
slice_500 = [0.0, 12.0, 24.0, 36.0, 48.0, 60.0, 72.0, 140.0, 200.0, 260.0, 320.0, 380.0, 440.0, 500.0]
diffslice_500 = [-40.0, -30.0, -20.0, -10.0, -5.0, -2.0, -1.0, 0.0, 1.0, 2.0, 5.0, 10.0, 20.0, 30.0, 40.0]
slice_200 = [0.0, 12.0, 24.0, 36.0, 48.0, 60.0, 72.0, 140.0, 200.0, 260.0, 320.0, 380.0, 440.0, 500.0]
diffslice_200 = [-30.0, -25.0, -20.0, -15.0, -10.0, -5.0, 0.0, 5.0, 10.0, 15.0, 20.0, 25.0, 30.0]

[e90s]
long_name = Constant burden 90 day tracer 40S-pole emiss
zmlowlevel = 1000
zmhighlevel = 10
unitconversion = 1000000000.0
unitname = ppb
zmcontours = [0.0, 0.001, 0.01, 0.1, 1.0, 2.0, 3.0, 4.0, 8.0, 12.0, 16.0, 20.0, 25.0, 50.0, 75.0, 100.0, 200.0, 300.0, 400.0, 500.0]
zmdiffcontours = [-1000.0, -500.0, -100.0, -10.0, -5.0, -2.0, 0.0, 2.0, 10.0, 100.0, 500.0, 1000.0]
slice_800 = [0.0, 16.0, 24.0, 32.0, 40.0, 48.0, 56.0, 64.0, 82.0, 90.0, 100.0, 140.0, 200.0, 260.0, 320.0, 380.0, 440.0, 500.0]
diffslice_800 = [-300.0, -240.0, -180.0, -140.0, -100.0, -60.0, -40.0, -20.0, -2.0, 0.0, 2.0, 20.0, 40.0, 60.0, 100.0, 140.0, 180.0, 240.0, 300.0]
slice_500 = [0.0, 18.0, 20.0, 22.0, 24.0, 32.0, 40.0, 48.0, 56.0, 64.0, 82.0, 90.0, 100.0, 140.0, 200.0, 260.0, 320.0, 380.0, 440.0, 500.0]
diffslice_500 = [-40.0, -30.0, -20.0, -10.0, -5.0, -2.0, -1.0, 0.0, 1.0, 2.0, 5.0, 10.0, 20.0, 30.0, 40.0]
slice_200 = [0.0, 16.0, 24.0, 32.0, 40.0, 48.0, 56.0, 64.0, 82.0, 90.0, 100.0, 140.0, 200.0, 260.0, 320.0, 380.0, 440.0, 500.0]
diffslice_200 = [-20.0, -16.0, -14.0, -10.0, -8.0, -4.0, 0.0, 4.0, 8.0, 10.0, 14.0, 16.0, 20.0]

[nh_5]
long_name = Northern Hemisphere 5 day tracer
zmlowlevel = 1000
zmhighlevel = 100
unitconversion = 1000000000.0
unitname = ppb
zmcontours = [1e-05, 0.0001, 0.001, 0.01, 0.1, 1.0, 10.0, 20.0, 40.0, 60.0, 80.0, 100.0]
zmdiffcontours = [-20.0, -10.0, -4.0, -3.0, -2.0, -1.0, 0.0, 1.0, 2.0, 3.0, 4.0, 10.0, 20.0]
slice_200 = [1e-05, 0.0001, 0.001, 0.01, 0.1, 1.0, 10.0, 20.0, 40.0, 60.0, 80.0, 100.0]
diffslice_200 = [-10.0, -8.0, -6.0, -4.0, -2.0, 0.0, 2.0, 4.0, 6.0, 8.0, 10.0]
slice_500 = [1e-05, 0.0001, 0.001, 0.01, 0.1, 1.0, 10.0, 20.0, 40.0, 60.0, 80.0, 100.0]
diffslice_500 = [-20.0, -16.0, -14.0, -10.0, -8.0, -4.0, 0.0, 4.0, 8.0, 10.0, 14.0, 16.0, 20.0]
slice_1000 = [1e-05, 0.0001, 0.001, 0.01, 0.1, 1.0, 10.0, 20.0, 40.0, 60.0, 80.0, 100.0]
diffslice_1000 = [-30.0, -25.0, -20.0, -15.0, -10.0, -5.0, 0.0, 5.0, 10.0, 15.0, 20.0, 25.0, 30.0]

[nh_50]
long_name = Northern Hemisphere 50 day tracer
zmlowlevel = 1000
zmhighlevel = 20
unitconversion = 1000000000.0
unitname = ppb
zmcontours = [0.001, 0.01, 0.1, 1.0, 2.0, 4.0, 6.0, 8.0, 10.0, 20.0, 40.0, 60.0, 80.0, 90.0, 100.0]
zmdiffcontours = [-10.0, -4.0, -3.0, -2.0, -1.0, 0.0, 1.0, 2.0, 3.0, 4.0, 10.0]
slice_200 = [0.001, 0.01, 0.1, 1.0, 2.0, 4.0, 6.0, 8.0, 10.0, 20.0, 40.0, 60.0, 80.0, 90.0, 100.0]
diffslice_200 = [-10.0, -8.0, -6.0, -4.0, -2.0, 0.0, 2.0, 4.0, 6.0, 8.0, 10.0]
slice_500 = [0.001, 0.01, 0.1, 1.0, 2.0, 4.0, 6.0, 8.0, 10.0, 20.0, 40.0, 60.0, 80.0, 90.0, 100.0]
diffslice_500 = [-10.0, -8.0, -6.0, -4.0, -2.0, 0.0, 2.0, 4.0, 6.0, 8.0, 10.0]
slice_1000 = [0.001, 0.01, 0.1, 1.0, 2.0, 4.0, 6.0, 8.0, 10.0, 20.0, 40.0, 60.0, 80.0, 90.0, 100.0]
diffslice_1000 = [-30.0, -25.0, -20.0, -15.0, -10.0, -5.0, 0.0, 5.0, 10.0, 15.0, 20.0, 25.0, 30.0]

[Pb210]
long_name = Lead-210
zmlowlevel = 1000
zmhighlevel = 10
unitconversion = 2.6141E19
unitname = mBq/SCM (hyl)
zmcontours = [0.0, 0.05, 0.1, 0.15, 0.2, 0.25, 0.3, 0.35, 0.4, 0.45, 0.5, 0.51, 0.52]
zmdiffcontours = [-0.15, -0.12, -0.08, -0.04, -0.01, 0.0, 0.01, 0.04, 0.08, 0.12, 0.15]
slice_200 = [0.02, 0.04, 0.06, 0.1, 0.12, 0.16, 0.18, 0.2, 0.22, 0.24, 0.26, 0.28, 0.3]
diffslice_200 = [-0.15, -0.1, -0.08, -0.04, -0.02, -0.01, 0.0, 0.01, 0.02, 0.04, 0.08, 0.1, 0.15]
slice_500 = [0.02, 0.03, 0.04, 0.06, 0.1, 0.12, 0.14, 0.18, 0.24, 0.28, 0.32, 0.36, 0.4, 0.42, 0.44]
diffslice_500 = [-0.2, -0.1, -0.08, -0.04, -0.02, -0.01, 0.0, 0.01, 0.02, 0.04, 0.08, 0.1, 2.0]
slice_1000 = [0.0, 0.01, 0.025, 0.05, 0.1, 0.2, 0.4, 0.6, 0.8, 1.0, 1.2, 1.4, 1.6, 1.8]
diffslice_1000 = [-1.0, -0.1, -0.08, -0.04, -0.02, -0.01, 0.0, 0.01, 0.02, 0.04, 0.08, 0.1, 1.0]

[Pb210s]
long_name = Lead-210 strat-source
zmlowlevel = 1000
zmhighlevel = 10
unitconversion = 2.6141E19
unitname = mBq/SCM (hyl)
zmcontours = [0.0, 0.01, 0.02, 0.03, 0.04, 0.05, 0.06, 0.07, 0.08, 0.1, 0.12, 0.13]
zmdiffcontours = [-0.005, -0.004, -0.003, -0.002, -0.001, -0.0001, 0.0, 0.0001, 0.001, 0.002, 0.003, 0.004, 0.005]
slice_200 = [0.0, 0.01, 0.02, 0.03, 0.04, 0.045, 0.05, 0.055, 0.06, 0.07, 0.08, 0.1, 0.12, 0.13]
diffslice_200 = [-0.003, -0.002, -0.001, -0.0005, -0.0001, 0.0, 0.0001, 0.0005, 0.001, 0.002, 0.003]
slice_500 = [0.0, 0.001, 0.01, 0.015, 0.02, 0.03, 0.04, 0.045, 0.05, 0.06, 0.07, 0.08, 0.1]
diffslice_500 = [-0.0006, -0.0004, -0.0002, -0.0001, 0.0, 0.0001, 0.0002, 0.0004, 0.0006]
slice_1000 = [0.0, 0.001, 0.01, 0.015, 0.02, 0.03, 0.04, 0.045, 0.05, 0.06, 0.07, 0.08, 0.1]
diffslice_1000 = [-0.0008, -0.0006, -0.0002, -0.0001, -5e-05, 0.0, 5e-05, 0.0001, 0.0002, 0.0006, 0.0008]

[Rn222]
long_name = Radon-222
zmlowlevel = 1000
zmhighlevel = 100
unitconversion = 5.6397E22
unitname = mBq/SCM (hyl)
zmcontours = [0.0, 10.0, 50.0, 75.0, 100.0, 125.0, 150.0, 175.0, 200.0, 250.0, 300.0, 350.0, 400.0, 600.0, 800.0, 1000.0, 1200.0, 1400.0, 1600.0, 1800.0, 2000.0]
zmdiffcontours = [-1200.0, -800.0, -400.0, -200.0, -100.0, -10.0, -5.0, 0.0, 5.0, 10.0, 100.0, 200.0, 400.0, 800.0, 1200.0]
slice_200 = [0.0, 2.0, 4.0, 6.0, 8.0, 10.0, 50.0, 75.0, 100.0, 125.0, 150.0, 175.0, 200.0, 250.0, 300.0, 350.0, 400.0, 600.0, 800.0, 1000.0, 1200.0]
diffslice_200 = [-400.0, -350.0, -300.0, -250.0, -200.0, -150.0, -100.0, -50.0, 0.0, 50.0, 100.0, 150.0, 200.0, 250.0, 300.0, 350.0, 400.0]
slice_500 = [0.0, 10.0, 50.0, 75.0, 100.0, 125.0, 150.0, 175.0, 200.0, 400.0, 600.0, 800.0, 1000.0, 1200.0, 1400.0, 1600.0, 1800.0, 2000.0]
diffslice_500 = [-1600.0, -1400.0, -1200.0, -1000.0, -800.0, -400.0, 0.0, 400.0, 800.0, 1000.0, 1200.0, 1400.0, 1600.0]
slice_1000 = [0.0, 10.0, 20.0, 30.0, 40.0, 50.0, 75.0, 100.0, 200.0, 400.0, 600.0, 800.0, 1000.0, 2000.0, 6000.0, 8000.0, 10000.0]
diffslice_1000 = [-10000.0, -8000.0, -6000.0, -4000.0, -2000.0, 0.0, 2000.0, 4000.0, 6000.0, 8000.0, 10000.0]

[sf6]
long_name = Sulfur Hexafluoride tracer
zmlowlevel = 1000
zmhighlevel = 0.1
unitconversion = 1000000000000.0
unitname = ppt
zmcontours = [0.0, 0.05, 0.1, 0.15, 0.2, 1.0, 2.0, 3.0, 4.0, 5.0, 6.0, 7.0]
zmdiffcontours = [-1.0, -0.95, -0.9, -0.85, -0.8, 0.0, 0.8, 0.85, 0.9, 0.95, 1.0]
slice_200 = [0.0, 0.05, 0.1, 0.15, 0.2, 1.0, 2.0, 3.0, 4.0, 5.0, 6.0, 7.0]
diffslice_200 = [-1.0, -0.8, -0.6, -0.4, -0.2, 0.0, 0.2, 0.4, 0.6, 0.8, 1.0]
slice_500 = [0.0, 0.05, 0.1, 0.15, 0.2, 1.0, 2.0, 3.0, 4.0, 5.0, 6.0, 7.0]
diffslice_500 = [-1.0, -0.8, -0.6, -0.4, -0.2, 0.0, 0.2, 0.4, 0.6, 0.8, 1.0]
slice_1000 = [0.0, 0.1, 0.2, 0.3, 0.4, 0.5, 1.0, 2.0, 3.0, 4.0, 5.0, 6.0, 7.0]
diffslice_1000 = [-10.0, -8.0, -6.0, -4.0, -2.0, 0.0, 2.0, 4.0, 6.0, 8.0, 10.0]

[st80_25]
long_name = Stratospheric source 25 day tracer
zmlowlevel = 1000
zmhighlevel = 50
unitconversion = 1000000000.0
unitname = ppb
zmcontours = [0.0, 0.2, 0.4, 0.6, 0.8, 1.0, 2.0, 3.0, 4.0, 5.0, 20.0, 40.0, 80.0, 100.0, 120.0, 140.0, 160.0, 180.0, 200.0]
zmdiffcontours = [-1.0, -0.95, -0.9, -0.85, -0.8, 0.0, 0.8, 0.85, 0.9, 0.95, 1.0]
slice_200 = [0.0, 0.2, 0.4, 0.6, 0.8, 1.0, 2.0, 3.0, 4.0, 5.0, 20.0, 40.0, 80.0, 100.0, 120.0, 140.0, 160.0, 180.0, 200.0]
diffslice_200 = [-10.0, -8.0, -6.0, -4.0, -2.0, 0.0, 2.0, 4.0, 6.0, 8.0, 10.0]
slice_500 = [0.0, 0.2, 0.4, 0.6, 0.8, 1.0, 2.0, 3.0, 4.0, 5.0, 20.0, 40.0, 80.0, 100.0, 120.0, 140.0, 160.0, 180.0, 200.0]
diffslice_500 = [-10.0, -8.0, -6.0, -4.0, -2.0, 0.0, 2.0, 4.0, 6.0, 8.0, 10.0]
slice_1000 = [0.0, 0.2, 0.4, 0.6, 0.8, 1.0, 2.0, 3.0, 4.0, 5.0, 20.0, 40.0, 80.0, 100.0, 120.0, 140.0, 160.0, 180.0, 200.0]
diffslice_1000 = [-1.0, -0.8, -0.6, -0.4, -0.2, 0.0, 0.2, 0.4, 0.6, 0.8, 1.0]

[stO3]
long_name = Strat Ozone with chemical loss
zmlowlevel = 1000
zmhighlevel = .1
unitconversion = 1000000000.0
unitname = ppb
zmcontours = [0.0, 0.1, 1.0, 10.0, 100.0, 1000.0, 2000.0, 3000.0, 4000.0, 5000.0, 6000.0, 7000.0, 8000.0, 9000.0]
zmdiffcontours = [-700.0, -600.0, -500.0, -250.0, -100.0, -10.0, -1.0, -0.1, 0.0, 0.1, 1.0, 10.0, 100.0, 250.0, 500.0, 600.0, 700.0]
slice_200 = [0.0, 25.0, 50.0, 100.0, 150.0, 200.0, 250.0, 300.0, 350.0, 400.0, 450.0, 500.0]
diffslice_200 = [-100.0, -80.0, -60.0, -40.0, -20.0, -15.0, -10.0, -5.0, 0.0, 5.0, 10.0, 15.0, 20.0, 40.0, 60.0, 80.0, 100.0]
slice_500 = [0.0, 2.0, 4.0, 6.0, 8.0, 10.0, 12.0, 14.0, 16.0, 18.0, 20.0, 22.0]
diffslice_500 = [-10.0, -8.0, -6.0, -4.0, -2.0, -1.0, 0.0, 1.0, 2.0, 4.0, 6.0, 8.0, 10.0]
slice_1000 = [0.0, 0.25, 0.5, 1.0, 1.5, 2.0, 4.0, 6.0, 8.0, 10.0, 12.0, 14.0, 16.0, 18.0, 20.0]
diffslice_1000 = [-12.0, -10.0, -8.0, -4.0, -3.0, -2.0, -1.0, 0.0, 1.0, 2.0, 3.0, 4.0, 8.0, 10.0, 12.0]

