aoa:Age of air (uniform source) tracer:1000:1:1:days:0,10,20,30,40,50,150,300,600,900,1000,1100,1200,1300,1400,1500,1600
	slice:10:0,1000,1100,1200,1300,1400,1500,1600,1700,1800,1900,2000
	slice:50:0,400,500,600,1000,1200,1400,1600,1800
	slice:500:0,5,10,15,20,25,30,35,40,45,50,55,60
	z_slice:10:-50,-45,-40,-30,-20,-10,0,10,20,30,40,45,50
	z_slice:50:-60,-55,-50,-40,-30,-20,-10,0,10,20,30,40,50,55,60
	z_slice:500:-10,-8,-6,-4,-2,-1,0,1,2,4,6,8,10
	z_zm:-100,-80,-60,-40,-20,0,20,40,60,80,100
aoa_bl:Age of air above boundary layer:1000:100:1:days:0,5,10,15,20,25,30,35,40,45,50,55,60
	slice:200:0,5,10,15,20,25,30,35,40,45,50,55,60,100,200,300,400,600
	slice:500:0,5,10,15,20,25,30,35,40,45,50,55,60
	slice:850:0,2,4,6,8,10,15,20,25,30,35,40,45,50,55,60
	z_slice:200
	z_slice:500
	z_slice:850
	z_zm:-400,-350,-300,-250,-150,-50,0,50,150,250,300,350,400
aoa_nh:Age of air northern hemisphere tracer:1000:10:1:days:0,25,50,75,100,200,300,400,500,600,700,800,1000,1200,1400,1600,1800,2000,2200
	slice:200:0,400,425,450,475,500,550,600,700,800,900,1000
        slice:500:0,50,100,150,200,250,300,350,400,450,500,550,600,625,650,675,700
        slice:1000:0,50,100,150,200,250,300,350,400,450,500,550,600,625,650,675,700
	z_slice:200:-70,-50,-30,-10,-5,0,5,10,30,50,70
	z_slice:500:-40,-30,-20,-15,-10,-5,-2,0,2,5,10,15,20,30,40
	z_slice:1000:-200,-160,-120,-80,-40,-30,-20,-10,-5,-0,5,10,20,30,40,80,120,160,200
	z_zm:-400,-350,-300,-250,-150,-50,0,50,150,250,300,350,400
Be10:Beryllium radionuclide 10:1000:10:2.3699E20:nBq/SCM:0,1, 2, 3,4,5, 10, 20, 50, 100, 200, 500
	slice:200:0,1, 2, 3,4,5, 10, 20, 50, 100, 200, 500
	slice:500:0,.01,.1,.5,1, 2, 3, 4, 5, 6, 7, 8, 9, 10, 15, 20, 25, 50,75, 100
	slice:1000:0,.01,.1,1,1.5,2,2.5,3,3.5,4,4.5,5,10,25,75,100
	z_slice:200:-10,-9,-8,-7,-6,-5,-4,-2,0,2,4,5,6,7,8,9,10
	z_slice:500:-10,-9,-8,-7,-6,-5,-4,-2,0,2,4,5,6,7,8,9,10
	z_slice:1000:-10,-9,-8,-7,-6,-5,-4,-2,0,2,4,5,6,7,8,9,10
	z_zm:-20,-16,-12,-8,-4,0,4,8,12,16,20
Be10s:Beryllium radionuclide 10 strat-source:1000:1:2.3699E20:nBq/SCM:0,1, 2, 3,4,5, 10, 20, 50, 100, 200, 500
	slice:200:0,1, 2, 2.5,3,4,5, 10, 20, 50, 75, 100, 200, 500
	slice:500:0,.01,.1,.5,1, 2, 3, 4, 5, 6, 7, 8, 9, 10, 15, 20, 25, 50,75, 100
	slice:1000:0,.01,.1,1,1.5,2,2.5,3,3.5,4,4.5,5,10,25,75,100
	z_slice:200
	z_slice:500
	z_slice:1000
	z_zm:
Be7:Beryllium radionuclide 7:1000:10:4.0513E21:mBq/SCM (hyl):0,1, 2, 5, 10, 20, 30,40,50, 100, 200, 500
	slice:200:0,1, 2, 3, 4, 5,6,7,8,9, 10, 20, 30,40,50, 100, 200, 300,400,500
	slice:500:0,1, 2, 3, 4, 5,6,7,8,9, 10, 20, 30,40,50, 100, 200, 300,400,500
	slice:1000:0,1, 2, 3,4,5,6,7,8,9, 10, 20, 30,40,50, 100, 200, 300,400,500
	z_slice:200:-20,-18,-16,-12,-8,-4,0,4,8,12,16,18,20
	z_slice:500:-30,-28,-26,-24,-22,-20,-18,-16,-12,-10,0,10,12,16,18,20,22,24,26,28,30
	z_slice:1000:-20,-18,-16,-14,-12,-8,-4,0,4,8,12,14,16,18,20
	z_zm:-30,-25,-20,-15,-10,-5,0,5,10,15,20,25,30
Be7s:Beryllium radionuclide 7 strat-source:1000:10:4.0513E21:mBq/SCM (hyl):0,1, 2, 5, 10, 20, 50, 100, 200, 500
	slice:200:0,1, 2,3,4, 5, 6,7,8,9,10, 20, 30,40,50, 100, 200, 300,400,500
	slice:500:0,1, 2,3,4, 5, 6,7,8,9,10, 20, 30,40,50, 100, 200, 300,400,500
	slice:1000:0,1, 2, 3,4,5,6,7,8,9, 10, 20, 30,40,50, 100, 200, 300,400,500
	z_slice:200
	z_slice:500
	z_slice:1000
	z_zm:
CH3I:Methyl iodide:1000:100:1000000000000000000000.0:pp?(1e21):0,2,4,6,10,20,30,40,50,60,70,80,90,100
	slice:200:0,2,4,6,8,10,12,14,16,18,20,22
	slice:500:0,2,4,6,8,10,12,14,16,18,20,22
	slice:1000:0,24,48,72,96,120,144,168,192,216
	z_slice:200:-10,-9,-8,-7,-6,-5,-4,-2,0,2,4,5,6,7,8,9,10
	z_slice:500:-10,-9,-8,-7,-6,-5,-4,-2,0,2,4,5,6,7,8,9,10
	z_slice:1000:-60,-40,-20,-10,-8,-6,-4,-2,0,2,4,6,8,10,20,40,60
	z_zm:-20,-4,-3,-2,-1,0,1,2,3,4,20
co_25:Anthro CO 25 day tracer:1000:50:1000000000.0:ppb:0,.2,.4,.6,.8,1,2,3,4,5,6,7,8,9,10,11,12,13,14,15,20,25,30,40,50
	slice:100:0,.2,.4,.6,.8,1,2,3,4,5,6,7,8,9,10,20,30,40,50
	slice:200:0,.2,.4,.6,.8,1,2,3,4,5,6,7,8,9,10,20,30,40,50
	slice:500:0,.2,.4,.6,.8,1,2,3,4,5,6,7,8,9,10,20,30,40,50
	slice:850:0,.2,.4,.6,.8,1,2,3,4,5,6,7,8,9,10,20,30,40,50
	slice:1000:0,.2,.4,.6,.8,1,2,3,4,5,6,7,8,9,10,20,30,40,50
	z_slice:100:-10,-8,-6,-4,-2,0,2,4,6,8,10
	z_slice:200:-10,-8,-6,-4,-2,0,2,4,6,8,10
	z_slice:500:-10,-8,-6,-4,-2,0,2,4,6,8,10
	z_slice:850:-10,-8,-6,-4,-2,0,2,4,6,8,10
	z_slice:1000:-200,-180,-140,-100,-80,-60,-40,-20,0,20,40,60,80,100,140,180,200
	z_zm:-10,-2,-1.5,-1.,-.5,-.25,0,.25,.5,1,1.5,2,10
co_50:Anthro CO 50 day tracer:1000:50:1000000000.0:ppb:0,1,2,3,4,5,10,15,20,25,30,40,60,80,100
	slice:200:0,1,2,3,4,5,10,15,20,40,60,80,100
	slice:500:0,1,2,3,4,5,10,15,20,25,30,40,60,80,100
	slice:1000:0,1,2,3,4,5,10,15,20,40,60,80,100
	z_slice:200:-10,-8,-6,-4,-2,0,2,4,6,8,10
	z_slice:500:-10,-8,-6,-4,-2,0,2,4,6,8,10
	z_slice:1000:-200,-180,-140,-100,-80,-60,-40,-20,0,20,40,60,80,100,140,180,200
	z_zm:-10,-2,-1.5,-1.,-.5,-.25,0,.25,.5,1,1.5,2,10
e90:Constant burden 90 day tracer:1000:70:1000000000.0:ppb:0,50,90,100,105,110,120,140,160,180,200
	slice:800:0,50,90,100,105,110,120,140,160,180,200
	slice:500:0,50,90,100,105,110,120,140,160,180,200
	slice:200:0,50,90,100,105,110,120,140,160,180,200
	z_slice:800:-30,-25,-20,-15,-10,-5,0,5,10,15,20,25,30
	z_slice:500:-10,-8,-6,-4,-2,0,2,4,6,8,10
	z_slice:200:-10,-8,-6,-4,-2,0,2,4,6,8,10
	z_zm:-100,-10,-5,-2,-1,0,1,2,5,10,100
e90n:Constant burden 90 day tracer 40N-pole emiss:1000:10:1000000000.0:ppb:0,.001,.01,.1,1,2,3,4,8,12,16,20,25,50,75,100,200,300,400,500
	slice:800:0,12,24,36,48,60,72,140,200,260,320,380,440,500
	slice:500:0,12,24,36,48,60,72,140,200,260,320,380,440,500
	slice:200:0,12,24,36,48,60,72,140,200,260,320,380,440,500
	z_slice:800:-200,-160,-100,-50,-10,-5,-2,0,2,5,10,50,100,160,200
	z_slice:500:-40,-30,-20,-10,-5,-2,-1,0,1,2,5,10,20,30,40
	z_slice:200:-30,-25,-20,-15,-10,-5,0,5,10,15,20,25,30
	z_zm:-100,-50,-25,-10,-5,-2,0,2,5,10,25,50,100
e90s:Constant burden 90 day tracer 40S-pole emiss:1000:10:1000000000.0:ppb:0,.001,.01,.1,1,2,3,4,8,12,16,20,25,50,75,100,200,300,400,500
	slice:800:0,16,24,32,40,48,56,64,82,90,100,140,200,260,320,380,440,500
	slice:500:0,18,20,22,24,32,40,48,56,64,82,90,100,140,200,260,320,380,440,500
	slice:200:0,16,24,32,40,48,56,64,82,90,100,140,200,260,320,380,440,500
	z_slice:800:-300,-240,-180,-140,-100,-60,-40,-20,-2,0,2,20,40,60,100,140,180,240,300
	z_slice:500:-40,-30,-20,-10,-5,-2,-1,0,1,2,5,10,20,30,40
	z_slice:200:-20,-16,-14,-10,-8,-4,0,4,8,10,14,16,20
	z_zm:-1000,-500,-100,-10,-5,-2,0,2,10,100,500,1000
nh_5:Northern Hemisphere 5 day tracer:1000:100:1000000000.0:ppb:0.00001,0.0001,0.001,0.01,.1,1,10,20,40,60,80,100
	slice:200:0.00001,0.0001,0.001,0.01,.1,1,10,20,40,60,80,100
	slice:500:0.00001,0.0001,0.001,0.01,.1,1,10,20,40,60,80,100
	slice:1000:0.00001,0.0001,0.001,0.01,.1,1,10,20,40,60,80,100
	z_slice:200:-10,-8,-6,-4,-2,0,2,4,6,8,10
	z_slice:500:-20,-16,-14,-10,-8,-4,0,4,8,10,14,16,20
	z_slice:1000:-30,-25,-20,-15,-10,-5,0,5,10,15,20,25,30
	z_zm:-20,-10,-4,-3,-2,-1,0,1,2,3,4,10,20
nh_50:Northern Hemisphere 50 day tracer:1000:20:1000000000.0:ppb:0.001,0.01,0.1,1,2,4,6,8,10,20,40,60,80,90,100
	slice:200:0.001,0.01,0.1,1,2,4,6,8,10,20,40,60,80,90,100
	slice:500:0.001,0.01,0.1,1,2,4,6,8,10,20,40,60,80,90,100
	slice:1000:0.001,0.01,0.1,1,2,4,6,8,10,20,40,60,80,90,100
	z_slice:200:-10,-8,-6,-4,-2,0,2,4,6,8,10
	z_slice:500:-10,-8,-6,-4,-2,0,2,4,6,8,10
	z_slice:1000:-30,-25,-20,-15,-10,-5,0,5,10,15,20,25,30
	z_zm:-10,-4,-3,-2,-1,0,1,2,3,4,10
Pb210:Lead-210:1000:10:2.6141E19:mBq/SCM (hyl):0,.1,.2,.3,.4,.5,1,1.5,2,2.5,3.5,4.5,5,5.5,6
	slice:200:0,.1,.2,.3,.4,.5,.6,.7,.8,.9,1,1.5,2,2.5,3,3.25,3.5,3.75,4,4.25,4.5,4.75,5,5.25,5.5,5.75,6
	slice:500:0,.1,.2,.3,.4,.5,.6,.7,.8,.9,1,1.5,2,2.5,3,3.5,4,4.5,5,5.5,6
	slice:1000:0,.1,.2,.3,.4,.5,1,1.5,2,3,4,5,6,7,8,9,10
	z_slice:200:-10,-9,-8,-7,-6,-5,-4,-2,0,2,4,5,6,7,8,9,10
	z_slice:500:-10,-9,-8,-7,-6,-5,-4,-2,0,2,4,5,6,7,8,9,10
	z_slice:1000:-10,-9,-8,-7,-6,-5,-4,-2,0,2,4,5,6,7,8,9,10
	z_zm:-6,-5,-4,-3,-2,-1,0,1,2,3,4,5,6
Pb210s:Lead-210 strat-source:1000:10:2.6141E19:mBq/SCM (hyl):0,.01,.02,.03,.04,.05,.06,.07,.08,.1,.12,.13
	slice:200:0,.01,.02,.03,.04,.045,.05,.055,.06,.07,.08,.1,.12,.13
	slice:500:0,.001,.01,.015,.02,.03,.04,.045,.05,.06,.07,.08,.1
	slice:1000:0,.001,.01,.015,.02,.03,.04,.045,.05,.06,.07,.08,.1
	z_slice:200
	z_slice:500
	z_slice:1000
	z_zm:
Rn222:Radon-222:1000:100:5.6397E22:mBq/SCM (hyl):0,10,50,75,100,125,150,175,200,250,300,350,400,600,800,1000,1200,1400,1600,1800,2000
	slice:200:0,2,4,6,8,10,50,75,100,125,150,175,200,250,300,350,400,600,800,1000,1200
	slice:500:0,10,50,75,100,125,150,175,200,400,600,800,1000,1200,1400,1600,1800,2000
	slice:1000:0,10,20,30,40,50,75,100,200,400,600,800,1000,2000,6000,8000,10000
	z_slice:200:-400,-350,-300,-250,-200,-150,-100,-50,0,50,100,150,200,250,300,350,400
	z_slice:500:-1600,-1400,-1200,-1000,-800,-400,0,400,800,1000,1200,1400,1600
	z_slice:1000:-10000,-8000,-6000,-4000,-2000,0,2000,4000,6000,8000,10000
	z_zm:-1200,-800,-400,-200,-100,-10,-5,0,5,10,100,200,400,800,1200
sf6:Sulfur Hexafluoride tracer:1000:0.1:1000000000000.0:ppt:5,5.1,5.2,5.3,5.4,5.5,5.6,5.7,5.8,5.9,6,6.1,6.2,6.3,6.4,6.5,6.6,6.7,6.8,6.9,7,7.1,7.2,7.3,7.4,7.5,7.6,7.7,7.8,7.9,8
	slice:200:6,6.1,6.2,6.3,6.4,6.5,6.6,6.7,6.8,6.9,7,7.1,7.2,7.3,7.4,7.5,7.6,7.7,7.8,8
	slice:500:6,6.5,6.6,6.7,6.8,6.9,7,7.1,7.2,7.3,7.4,7.5,7.6,7.7,7.8,7.9,8,9,10
	slice:1000:6,6.5,6.6,6.7,6.8,6.9,7.,7.5,8,9,10
	z_slice:200:-1,-.8,-.6,-.4,-.2,0,.2,.4,.6,.8,1
	z_slice:500:-1,-.8,-.6,-.4,-.2,0,.2,.4,.6,.8,1
	z_slice:1000:-10,-8,-6,-4,-2,0,2,4,6,8,10
	z_zm:-1,-.95,-.9,-.85,-.8,0,.8,.85,.9,.95,1
st80_25:Stratospheric source 25 day tracer:1000:50:1000000000.0:ppb:0,.2,.4,.6,.8,1,2,3,4,5,20,40,80,100,120,140,160,180,200
	slice:200:0,.2,.4,.6,.8,1,2,3,4,5,20,40,80,100,120,140,160,180,200
	slice:500:0,.2,.4,.6,.8,1,2,3,4,5,20,40,80,100,120,140,160,180,200
	slice:1000:0,.2,.4,.6,.8,1,2,3,4,5,20,40,80,100,120,140,160,180,200
        z_slice:200:-10,-8,-6,-4,-2,0,2,4,6,8,10
        z_slice:500:-10,-8,-6,-4,-2,0,2,4,6,8,10
        z_slice:1000:-1,-.8,-.6,-.4,-.2,0,.2,.4,.6,.8,1
	z_zm:-1,-.95,-.9,-.85,-.8,0,.8,.85,.9,.95,1
